0	0	0	4.855880e-01
0	0	1	8.076599e-01
0	0	2	8.562836e-01
0	0	3	5.217760e-01
0	0	4	5.217292e-01
0	0	5	9.137618e-01
0	0	6	9.360377e-01
0	0	7	9.157048e-01
0	0	8	3.442723e-01
0	0	9	7.178984e-01
0	1	0	2.249654e-01
0	1	1	4.865575e-01
0	1	2	9.930086e-01
0	1	3	5.348010e-03
0	1	4	3.695528e-01
0	1	5	2.825280e-01
0	1	6	4.423625e-01
0	1	7	6.038577e-01
0	1	8	2.758718e-01
0	1	9	6.926271e-01
0	2	0	1.666954e-01
0	2	1	1.017047e-01
0	2	2	6.943178e-01
0	2	3	2.856464e-01
0	2	4	3.883605e-01
0	2	5	1.002307e-01
0	2	6	2.035172e-01
0	2	7	6.839820e-01
0	2	8	2.484861e-01
0	2	9	8.728705e-01
0	3	0	8.787182e-01
0	3	1	7.340742e-01
0	3	2	6.805305e-01
0	3	3	7.350017e-01
0	3	4	2.558502e-01
0	3	5	2.022597e-01
0	3	6	6.487635e-01
0	3	7	1.918879e-01
0	3	8	1.179645e-01
0	3	9	9.930358e-01
0	4	0	9.097863e-01
0	4	1	3.429299e-01
0	4	2	4.795933e-01
0	4	3	9.027949e-01
0	4	4	3.482779e-01
0	4	5	8.491461e-01
0	4	6	1.853229e-01
0	4	7	7.906404e-01
0	4	8	4.530038e-01
0	4	9	4.611947e-01
0	5	0	4.832676e-01
0	5	1	6.196993e-01
0	5	2	5.628994e-01
0	5	3	1.775853e-01
0	5	4	9.053457e-01
0	5	5	9.512598e-01
0	5	6	2.778161e-01
0	5	7	1.088629e-01
0	5	8	6.352418e-01
0	5	9	5.263022e-01
0	6	0	9.817334e-01
0	6	1	5.139600e-01
0	6	2	2.603763e-01
0	6	3	6.622639e-01
0	6	4	2.489617e-01
0	6	5	5.162265e-01
0	6	6	8.645236e-01
0	6	7	8.977253e-01
0	6	8	7.081144e-01
0	6	9	9.824881e-01
0	7	0	8.907611e-01
0	7	1	6.179007e-01
0	7	2	3.254180e-01
0	7	3	3.703544e-01
0	7	4	5.206955e-01
0	7	5	6.736959e-01
0	7	6	2.195006e-01
0	7	7	7.060184e-01
0	7	8	4.643363e-01
0	7	9	6.725044e-01
0	8	0	1.672132e-01
0	8	1	9.476039e-01
0	8	2	2.922037e-01
0	8	3	7.301125e-01
0	8	4	1.251892e-01
0	8	5	1.975494e-01
0	8	6	6.813724e-01
0	8	7	4.030053e-01
0	8	8	3.064123e-01
0	8	9	3.166142e-01
0	9	0	9.293075e-01
0	9	1	2.881457e-01
0	9	2	8.305742e-01
0	9	3	1.896838e-01
0	9	4	9.504096e-01
0	9	5	7.953593e-02
0	9	6	7.059103e-01
0	9	7	8.149332e-01
0	9	8	9.772612e-01
0	9	9	4.140247e-01
1	0	0	7.974212e-01
1	0	1	8.680223e-01
1	0	2	3.192536e-02
1	0	3	1.228392e-01
1	0	4	2.383767e-01
1	0	5	5.526209e-01
1	0	6	7.965351e-01
1	0	7	4.578773e-01
1	0	8	2.586393e-01
1	0	9	2.608714e-01
1	1	0	1.303817e-01
1	1	1	4.258525e-01
1	1	2	2.084753e-01
1	1	3	4.225854e-01
1	1	4	1.559650e-01
1	1	5	3.336645e-01
1	1	6	6.201348e-01
1	1	7	8.373374e-01
1	1	8	7.366698e-01
1	1	9	9.265471e-01
1	2	0	1.539516e-01
1	2	1	6.659773e-01
1	2	2	2.146928e-01
1	2	3	9.845258e-01
1	2	4	8.556611e-01
1	2	5	1.651024e-01
1	2	6	6.406173e-02
1	2	7	5.615714e-01
1	2	8	9.800356e-01
1	2	9	4.132294e-02
1	3	0	9.755961e-01
1	3	1	7.774568e-01
1	3	2	9.093452e-01
1	3	3	7.521492e-03
1	3	4	9.002960e-01
1	3	5	1.477220e-01
1	3	6	5.601424e-01
1	3	7	6.968311e-01
1	3	8	6.055993e-01
1	3	9	8.187817e-01
1	4	0	9.577025e-01
1	4	1	7.359810e-01
1	4	2	2.446342e-01
1	4	3	1.661779e-01
1	4	4	1.585663e-01
1	4	5	4.005992e-01
1	4	6	4.998424e-01
1	4	7	7.787011e-01
1	4	8	2.379366e-01
1	4	9	2.365122e-01
1	5	0	7.052482e-01
1	5	1	3.918882e-01
1	5	2	9.024895e-01
1	5	3	9.199410e-01
1	5	4	3.764140e-01
1	5	5	7.581506e-01
1	5	6	8.504345e-02
1	5	7	4.404758e-01
1	5	8	3.197221e-01
1	5	9	6.507903e-02
1	6	0	4.817987e-01
1	6	1	2.953182e-01
1	6	2	8.425358e-01
1	6	3	3.911439e-01
1	6	4	3.028397e-01
1	6	5	7.428319e-01
1	6	6	5.388659e-01
1	6	7	8.629821e-01
1	6	8	4.396630e-01
1	6	9	1.444652e-01
1	7	0	6.817638e-01
1	7	1	3.973655e-01
1	7	2	8.804461e-01
1	7	3	9.263980e-01
1	7	4	5.635434e-01
1	7	5	3.901249e-02
1	7	6	3.269972e-01
1	7	7	6.338577e-02
1	7	8	8.177136e-01
1	7	9	5.649338e-01
1	8	0	2.998980e-01
1	8	1	5.229619e-01
1	8	2	9.568220e-01
1	8	3	2.023875e-01
1	8	4	4.429029e-01
1	8	5	3.332361e-01
1	8	6	9.605381e-01
1	8	7	5.279464e-01
1	8	8	7.737118e-01
1	8	9	2.802601e-01
1	9	0	5.930254e-01
1	9	1	2.555105e-01
1	9	2	5.755783e-01
1	9	3	4.355612e-01
1	9	4	6.466545e-01
1	9	5	8.784180e-01
1	9	6	1.783931e-01
1	9	7	1.855204e-01
1	9	8	7.414000e-01
1	9	9	6.180561e-01
2	0	0	3.299856e-01
2	0	1	4.231638e-01
2	0	2	1.542159e-02
2	0	3	2.104317e-01
2	0	4	3.495618e-01
2	0	5	5.789650e-01
2	0	6	2.494442e-01
2	0	7	6.765590e-01
2	0	8	6.423507e-01
2	0	9	6.715786e-02
2	1	0	2.414928e-01
2	1	1	9.422487e-01
2	1	2	5.901197e-01
2	1	3	1.983148e-01
2	1	4	1.446362e-01
2	1	5	3.302264e-02
2	1	6	5.315509e-01
2	1	7	1.051742e-01
2	1	8	5.609690e-01
2	1	9	3.052627e-01
2	2	0	3.854344e-01
2	2	1	1.539944e-01
2	2	2	5.607732e-01
2	2	3	9.610127e-01
2	2	4	5.895556e-01
2	2	5	2.074277e-01
2	2	6	8.394307e-01
2	2	7	7.679487e-01
2	2	8	3.929481e-01
2	2	9	5.808307e-01
2	3	0	3.860048e-01
2	3	1	7.229337e-01
2	3	2	3.994509e-03
2	3	3	4.014264e-01
2	3	4	9.333655e-01
2	3	5	3.535563e-01
2	3	6	9.803913e-01
2	3	7	1.828097e-01
2	3	8	3.011526e-02
2	3	9	6.227421e-01
2	4	0	2.499676e-01
2	4	1	2.716080e-01
2	4	2	5.649908e-01
2	4	3	8.400873e-01
2	4	4	4.699228e-01
2	4	5	7.096269e-01
2	4	6	8.731099e-01
2	4	7	1.473711e-03
2	4	8	8.148012e-01
2	4	9	4.340789e-01
2	5	0	3.067364e-01
2	5	1	2.002355e-01
2	5	2	5.880733e-01
2	5	3	8.675097e-01
2	5	4	1.612482e-01
2	5	5	1.776289e-01
2	5	6	7.493740e-02
2	5	7	6.788536e-04
2	5	8	9.455777e-01
2	5	9	4.678856e-01
2	6	0	5.815095e-01
2	6	1	3.315824e-01
2	6	2	1.908193e-01
2	6	3	5.855041e-01
2	6	4	7.330088e-01
2	6	5	1.241848e-01
2	6	6	9.390603e-01
2	6	7	7.134001e-01
2	6	8	3.069945e-01
2	6	9	9.691756e-01
2	7	0	3.361422e-01
2	7	1	5.569620e-01
2	7	2	2.407836e-01
2	7	3	9.011330e-01
2	7	4	3.970493e-01
2	7	5	7.107065e-01
2	7	6	6.107599e-01
2	7	7	2.701592e-01
2	7	8	7.121802e-01
2	7	9	4.255611e-01
2	8	0	7.042381e-01
2	8	1	1.891660e-02
2	8	2	6.257966e-01
2	8	3	2.923115e-01
2	8	4	8.864263e-01
2	8	5	7.870448e-01
2	8	6	4.699404e-01
2	8	7	9.613637e-01
2	8	8	7.877237e-01
2	8	9	4.155180e-01
2	9	0	4.292492e-01
2	9	1	3.692332e-01
2	9	2	7.471005e-01
2	9	3	6.200685e-01
2	9	4	9.547373e-01
2	9	5	4.801093e-01
2	9	6	7.442533e-01
2	9	7	8.937976e-01
2	9	8	1.935094e-01
2	9	9	5.124773e-02
3	0	0	8.629732e-01
3	0	1	5.296516e-01
3	0	2	6.082097e-01
3	0	3	1.037569e-01
3	0	4	4.307845e-01
3	0	5	5.259017e-03
3	0	6	8.144633e-01
3	0	7	4.154444e-02
3	0	8	2.754182e-01
3	0	9	5.266435e-01
3	1	0	4.671055e-01
3	1	1	9.796564e-01
3	1	2	5.455601e-01
3	1	3	9.290213e-02
3	1	4	2.719678e-01
3	1	5	4.319864e-01
3	1	6	8.799470e-01
3	1	7	7.419082e-01
3	1	8	3.933501e-01
3	1	9	6.676706e-01
3	2	0	1.574262e-01
3	2	1	8.225993e-01
3	2	2	3.690384e-02
3	2	3	9.045267e-01
3	2	4	4.426678e-01
3	2	5	9.916411e-01
3	2	6	3.846360e-01
3	2	7	1.869211e-01
3	2	8	8.854387e-01
3	2	9	5.781454e-01
3	3	0	2.381688e-01
3	3	1	7.484120e-01
3	3	2	1.077969e-01
3	3	3	8.463785e-01
3	3	4	8.521688e-01
3	3	5	5.385815e-01
3	3	6	8.516376e-01
3	3	7	6.666322e-01
3	3	8	5.801259e-01
3	3	9	1.270558e-01
3	4	0	1.932757e-01
3	4	1	4.723142e-02
3	4	2	1.067121e-01
3	4	3	7.388358e-01
3	4	4	1.401336e-01
3	4	5	3.786799e-01
3	4	6	1.708222e-01
3	4	7	2.008051e-02
3	4	8	1.205881e-01
3	4	9	5.641723e-01
3	5	0	6.877511e-01
3	5	1	2.780144e-01
3	5	2	3.867716e-01
3	5	3	7.246550e-01
3	5	4	1.825411e-01
3	5	5	8.294394e-01
3	5	6	7.162961e-01
3	5	7	5.671771e-01
3	5	8	1.636046e-02
3	5	9	6.017348e-01
3	6	0	1.453224e-01
3	6	1	2.545293e-01
3	6	2	3.501468e-01
3	6	3	2.531194e-01
3	6	4	1.009078e-01
3	6	5	2.023157e-01
3	6	6	7.917008e-01
3	6	7	9.525453e-01
3	6	8	8.689478e-01
3	6	9	3.718267e-01
3	7	0	7.960112e-02
3	7	1	6.222353e-02
3	7	2	4.190582e-01
3	7	3	1.863133e-01
3	7	4	8.010594e-01
3	7	5	5.591917e-01
3	7	6	5.649932e-01
3	7	7	9.718816e-01
3	7	8	5.792722e-01
3	7	9	6.855813e-01
3	8	0	5.360539e-01
3	8	1	2.670233e-01
3	8	2	9.635957e-01
3	8	3	9.228254e-01
3	8	4	9.916783e-01
3	8	5	1.461368e-01
3	8	6	7.522648e-01
3	8	7	7.079744e-01
3	8	8	7.133139e-01
3	8	9	7.686253e-01
3	9	0	3.097092e-01
3	9	1	8.586363e-01
3	9	2	2.315452e-02
3	9	3	6.598561e-01
3	9	4	1.117557e-01
3	9	5	1.240623e-01
3	9	6	8.621717e-01
3	9	7	9.034565e-01
3	9	8	7.660766e-02
3	9	9	7.311195e-01
4	0	0	2.752832e-01
4	0	1	1.562088e-01
4	0	2	7.933431e-01
4	0	3	6.943414e-01
4	0	4	3.425220e-01
4	0	5	5.944024e-01
4	0	6	2.535331e-01
4	0	7	9.075152e-01
4	0	8	5.662840e-01
4	0	9	8.328053e-01
4	1	0	5.930965e-01
4	1	1	1.023379e-01
4	1	2	9.982869e-02
4	1	3	5.566922e-01
4	1	4	2.516328e-02
4	1	5	9.150701e-02
4	1	6	7.028290e-01
4	1	7	7.774281e-01
4	1	8	7.994814e-01
4	1	9	4.161429e-01
4	2	0	5.460533e-01
4	2	1	1.091907e-01
4	2	2	2.747792e-01
4	2	3	5.692079e-01
4	2	4	7.690467e-01
4	2	5	3.865349e-01
4	2	6	6.932702e-01
4	2	7	6.312184e-01
4	2	8	2.899914e-01
4	2	9	7.698778e-01
4	3	0	3.623379e-01
4	3	1	5.652747e-01
4	3	2	9.260866e-01
4	3	3	1.556810e-01
4	3	4	2.596161e-01
4	3	5	2.686087e-01
4	3	6	7.500834e-01
4	3	7	5.131492e-01
4	3	8	1.761239e-01
4	3	9	3.163674e-01
4	4	0	3.459545e-01
4	4	1	7.692204e-01
4	4	2	4.187053e-01
4	4	3	4.457832e-01
4	4	4	3.259127e-01
4	4	5	4.438686e-01
4	4	6	5.372902e-01
4	4	7	2.874171e-02
4	4	8	2.212967e-01
4	4	9	3.367716e-01
4	5	0	4.448846e-01
4	5	1	7.673500e-01
4	5	2	4.459623e-01
4	5	3	7.196639e-01
4	5	4	3.365579e-01
4	5	5	2.150090e-01
4	5	6	1.061988e-01
4	5	7	2.982804e-02
4	5	8	8.462274e-01
4	5	9	3.961902e-01
4	6	0	7.997059e-01
4	6	1	2.085654e-01
4	6	2	9.614649e-01
4	6	3	7.257925e-01
4	6	4	3.642464e-01
4	6	5	2.210810e-01
4	6	6	9.944012e-01
4	6	7	1.143298e-01
4	6	8	7.342302e-01
4	6	9	1.705250e-01
4	7	0	4.306973e-01
4	7	1	8.018474e-02
4	7	2	9.397454e-01
4	7	3	8.494025e-01
4	7	4	5.259680e-01
4	7	5	2.656581e-01
4	7	6	2.932711e-01
4	7	7	6.325819e-02
4	7	8	2.943998e-01
4	7	9	5.145678e-01
4	8	0	4.000298e-01
4	8	1	7.392845e-01
4	8	2	2.819178e-01
4	8	3	8.459921e-01
4	8	4	4.589483e-01
4	8	5	6.184756e-01
4	8	6	6.100114e-02
4	8	7	5.651471e-01
4	8	8	6.483037e-01
4	8	9	9.072286e-01
4	9	0	9.613374e-01
4	9	1	4.480096e-01
4	9	2	1.157939e-01
4	9	3	9.228023e-01
4	9	4	1.738021e-01
4	9	5	4.800403e-01
4	9	6	1.438833e-01
4	9	7	1.682032e-01
4	9	8	5.943701e-01
4	9	9	8.781135e-01
5	0	0	3.387283e-01
5	0	1	2.506736e-02
5	0	2	9.582982e-01
5	0	3	2.784737e-01
5	0	4	8.744699e-01
5	0	5	4.842662e-01
5	0	6	5.441318e-01
5	0	7	1.677410e-01
5	0	8	5.475244e-01
5	0	9	8.385316e-01
5	1	0	6.823088e-01
5	1	1	9.475542e-01
5	1	2	5.778161e-01
5	1	3	9.642266e-01
5	1	4	7.935464e-01
5	1	5	3.676442e-02
5	1	6	5.827022e-01
5	1	7	8.545475e-01
5	1	8	6.019116e-01
5	1	9	2.310059e-01
5	2	0	7.617761e-01
5	2	1	5.632489e-01
5	2	2	6.790155e-01
5	2	3	8.775700e-01
5	2	4	4.860512e-01
5	2	5	8.528176e-01
5	2	6	3.576103e-01
5	2	7	6.299345e-01
5	2	8	2.102079e-02
5	2	9	9.519804e-01
5	3	0	5.080480e-01
5	3	1	3.597490e-01
5	3	2	9.770477e-01
5	3	3	4.663462e-01
5	3	4	6.382227e-01
5	3	5	8.515177e-01
5	3	6	9.506124e-01
5	3	7	1.823546e-01
5	3	8	1.925868e-02
5	3	9	4.981368e-01
5	4	0	2.088620e-02
5	4	1	7.015675e-01
5	4	2	4.456910e-01
5	4	3	5.987023e-01
5	4	4	6.657941e-01
5	4	5	2.392373e-01
5	4	6	6.354667e-01
5	4	7	2.484963e-01
5	4	8	9.378483e-02
5	4	9	2.373783e-01
5	5	0	4.795022e-01
5	5	1	8.555609e-01
5	5	2	8.006272e-01
5	5	3	1.585177e-01
5	5	4	7.331309e-01
5	5	5	2.866784e-01
5	5	6	1.133525e-02
5	5	7	9.074113e-02
5	5	8	9.166129e-01
5	5	9	3.235604e-02
5	6	0	4.272152e-02
5	6	1	4.246608e-01
5	6	2	3.921051e-01
5	6	3	1.976926e-02
5	6	4	8.910070e-01
5	6	5	3.032783e-02
5	6	6	8.712869e-01
5	6	7	8.416194e-01
5	6	8	2.126824e-01
5	6	9	8.905456e-01
5	7	0	3.397562e-01
5	7	1	2.335686e-01
5	7	2	5.921131e-01
5	7	3	7.854471e-01
5	7	4	8.322709e-01
5	7	5	2.579071e-01
5	7	6	2.468448e-02
5	7	7	4.677376e-01
5	7	8	5.064034e-01
5	7	9	1.184693e-01
5	8	0	7.051159e-01
5	8	1	9.859056e-01
5	8	2	9.740302e-01
5	8	3	5.057430e-01
5	8	4	1.444233e-01
5	8	5	7.071611e-01
5	8	6	7.924214e-01
5	8	7	1.557586e-01
5	8	8	7.979022e-01
5	8	9	7.090343e-01
5	9	0	1.881146e-01
5	9	1	8.406237e-01
5	9	2	1.336951e-01
5	9	3	5.802197e-01
5	9	4	8.603930e-01
5	9	5	2.470213e-02
5	9	6	6.105475e-01
5	9	7	7.316799e-01
5	9	8	8.663215e-01
5	9	9	8.232299e-01
6	0	0	6.222255e-01
6	0	1	2.060777e-01
6	0	2	5.679851e-02
6	0	3	2.143386e-01
6	0	4	9.915248e-01
6	0	5	8.890694e-01
6	0	6	4.722457e-01
6	0	7	1.620932e-02
6	0	8	3.568070e-01
6	0	9	9.786491e-01
6	1	0	1.346786e-01
6	1	1	6.192284e-02
6	1	2	9.645547e-01
6	1	3	1.087088e-01
6	1	4	5.676659e-01
6	1	5	1.089780e-01
6	1	6	8.158699e-01
6	1	7	3.600873e-01
6	1	8	2.647366e-01
6	1	9	6.137721e-01
6	2	0	6.912156e-02
6	2	1	4.528512e-01
6	2	2	4.543958e-01
6	2	3	2.028167e-01
6	2	4	3.307087e-02
6	2	5	3.147887e-01
6	2	6	2.275188e-01
6	2	7	6.436184e-01
6	2	8	4.646863e-02
6	2	9	9.384032e-02
6	3	0	4.668483e-01
6	3	1	6.686941e-01
6	3	2	2.999180e-01
6	3	3	5.236468e-01
6	3	4	8.830327e-01
6	3	5	2.914429e-01
6	3	6	4.127162e-01
6	3	7	3.552783e-01
6	3	8	3.076522e-01
6	3	9	7.695232e-01
6	4	0	3.339274e-01
6	4	1	4.423308e-01
6	4	2	8.314460e-01
6	4	3	2.984822e-01
6	4	4	5.510396e-01
6	4	5	3.991119e-01
6	4	6	4.074602e-01
6	4	7	3.669095e-01
6	4	8	7.591992e-01
6	4	9	6.721968e-01
6	5	0	9.806816e-01
6	5	1	8.283208e-01
6	5	2	1.250480e-01
6	5	3	4.350774e-01
6	5	4	3.113742e-02
6	5	5	1.581188e-01
6	5	6	7.498661e-01
6	5	7	2.586562e-01
6	5	8	8.017372e-01
6	5	9	7.963347e-01
6	6	0	3.524965e-01
6	6	1	2.685855e-01
6	6	2	4.650288e-01
6	6	3	6.524145e-01
6	6	4	7.922323e-01
6	6	5	3.480615e-01
6	6	6	9.438574e-01
6	6	7	2.049486e-01
6	6	8	7.033398e-01
6	6	9	2.515096e-01
6	7	0	9.744717e-01
6	7	1	3.726726e-02
6	7	2	6.938404e-01
6	7	3	8.059178e-01
6	7	4	3.357494e-01
6	7	5	2.448800e-01
6	7	6	2.050297e-01
6	7	7	7.432096e-01
6	7	8	6.117896e-01
6	7	9	9.642289e-01
6	8	0	4.154064e-01
6	8	1	5.924711e-01
6	8	2	7.925496e-01
6	8	3	5.404544e-01
6	8	4	2.754848e-02
6	8	5	8.236870e-01
6	8	6	6.985732e-01
6	8	7	7.774146e-01
6	8	8	8.234326e-02
6	8	9	5.003104e-01
6	9	0	5.737493e-01
6	9	1	4.348398e-01
6	9	2	7.688960e-01
6	9	3	3.877812e-02
6	9	4	8.725433e-02
6	9	5	5.611283e-01
6	9	6	3.868396e-01
6	9	7	3.111174e-02
6	9	8	7.660769e-01
6	9	9	9.017943e-02
7	0	0	2.826213e-01
7	0	1	7.405486e-01
7	0	2	1.274467e-01
7	0	3	9.764618e-01
7	0	4	5.464664e-01
7	0	5	4.631961e-01
7	0	6	2.213418e-01
7	0	7	7.514961e-01
7	0	8	2.064057e-01
7	0	9	8.331314e-01
7	1	0	7.157250e-01
7	1	1	6.218121e-01
7	1	2	4.256025e-01
7	1	3	5.082746e-01
7	1	4	1.622665e-01
7	1	5	4.531510e-01
7	1	6	3.319616e-01
7	1	7	8.608397e-01
7	1	8	2.305655e-01
7	1	9	4.143049e-01
7	2	0	3.611501e-01
7	2	1	8.043148e-01
7	2	2	8.491447e-01
7	2	3	1.300461e-01
7	2	4	8.430930e-01
7	2	5	9.363990e-01
7	2	6	6.911744e-01
7	2	7	2.299326e-01
7	2	8	9.675108e-01
7	2	9	4.572513e-01
7	3	0	3.201120e-01
7	3	1	2.501321e-01
7	3	2	1.977999e-01
7	3	3	4.475587e-01
7	3	4	2.265939e-01
7	3	5	7.442663e-01
7	3	6	9.107548e-01
7	3	7	4.479357e-01
7	3	8	4.957623e-01
7	3	9	1.171605e-01
7	4	0	2.810670e-01
7	4	1	2.114873e-01
7	4	2	7.389727e-01
7	4	3	7.066695e-01
7	4	4	7.197619e-01
7	4	5	9.012391e-01
7	4	6	1.598205e-01
7	4	7	5.172355e-02
7	4	8	7.620788e-01
7	4	9	3.903860e-01
7	5	0	4.660285e-01
7	5	1	1.232290e-01
7	5	2	1.947008e-01
7	5	3	3.151731e-01
7	5	4	2.532750e-01
7	5	5	3.779381e-02
7	5	6	2.515722e-01
7	5	7	9.444494e-01
7	5	8	2.677264e-01
7	5	9	2.190829e-01
7	6	0	4.017007e-01
7	6	1	5.878384e-01
7	6	2	4.692150e-01
7	6	3	5.995006e-01
7	6	4	3.539705e-02
7	6	5	6.958089e-01
7	6	6	3.437668e-01
7	6	7	9.461518e-01
7	6	8	1.437445e-01
7	6	9	8.395292e-01
7	7	0	6.331238e-02
7	7	1	4.248115e-01
7	7	2	5.101649e-02
7	7	3	8.022850e-01
7	7	4	1.314810e-01
7	7	5	7.707784e-01
7	7	6	7.035242e-01
7	7	7	2.913015e-01
7	7	8	8.225019e-01
7	7	9	4.656030e-01
7	8	0	6.816875e-01
7	8	1	2.885304e-01
7	8	2	5.888320e-01
7	8	3	8.763884e-01
7	8	4	6.037035e-01
7	8	5	8.421070e-01
7	8	6	9.141822e-01
7	8	7	8.552757e-01
7	8	8	7.865564e-01
7	8	9	1.819085e-01
7	9	0	7.435863e-02
7	9	1	1.882571e-01
7	9	2	7.697469e-01
7	9	3	5.435737e-01
7	9	4	7.877577e-01
7	9	5	8.051440e-01
7	9	6	2.393825e-01
7	9	7	1.315245e-01
7	9	8	7.512958e-01
7	9	9	3.831271e-01
8	0	0	9.710537e-01
8	0	1	8.146082e-01
8	0	2	8.079386e-01
8	0	3	2.207020e-02
8	0	4	6.168932e-01
8	0	5	9.394197e-01
8	0	6	7.928486e-01
8	0	7	3.204174e-01
8	0	8	2.307212e-01
8	0	9	6.153505e-01
8	1	0	7.860204e-01
8	1	1	9.124087e-01
8	1	2	9.038809e-01
8	1	3	3.748524e-01
8	1	4	7.887970e-01
8	1	5	5.075845e-01
8	1	6	2.169594e-01
8	1	7	7.029792e-01
8	1	8	3.628602e-01
8	1	9	3.515851e-03
8	2	0	8.848877e-01
8	2	1	4.372188e-01
8	2	2	1.917730e-01
8	2	3	6.546346e-01
8	2	4	9.807925e-01
8	2	5	9.795307e-01
8	2	6	4.597786e-01
8	2	7	2.201750e-01
8	2	8	1.110552e-01
8	2	9	2.110744e-01
8	3	0	6.033021e-01
8	3	1	8.210895e-02
8	3	2	2.568253e-02
8	3	3	4.112407e-01
8	3	4	1.041791e-01
8	3	5	6.425757e-01
8	3	6	3.506603e-01
8	3	7	8.970277e-01
8	3	8	9.629931e-01
8	3	9	5.813815e-01
8	4	0	5.123783e-01
8	4	1	7.490135e-01
8	4	2	4.937901e-01
8	4	3	4.162592e-01
8	4	4	1.238659e-01
8	4	5	2.825872e-01
8	4	6	9.238437e-01
8	4	7	3.408253e-01
8	4	8	9.855663e-01
8	4	9	2.867039e-01
8	5	0	3.443412e-01
8	5	1	8.704540e-01
8	5	2	7.239227e-01
8	5	3	5.361142e-01
8	5	4	5.250886e-01
8	5	5	7.047152e-01
8	5	6	5.156449e-01
8	5	7	9.848672e-01
8	5	8	9.248902e-01
8	5	9	6.267001e-01
8	6	0	1.959416e-01
8	6	1	5.281923e-01
8	6	2	7.088091e-01
8	6	3	2.216241e-01
8	6	4	9.394329e-01
8	6	5	8.129882e-01
8	6	6	8.641998e-01
8	6	7	2.900933e-01
8	6	8	7.100160e-01
8	6	9	8.271930e-01
8	7	0	8.714748e-01
8	7	1	2.223942e-01
8	7	2	5.762065e-01
8	7	3	3.652649e-01
8	7	4	6.386535e-01
8	7	5	7.000725e-01
8	7	6	6.478520e-01
8	7	7	5.624972e-01
8	7	8	4.089781e-02
8	7	9	6.334184e-01
8	8	0	8.492011e-01
8	8	1	3.852390e-01
8	8	2	5.038724e-01
8	8	3	5.731238e-01
8	8	4	9.213532e-01
8	8	5	2.896104e-02
8	8	6	2.778390e-01
8	8	7	4.369981e-01
8	8	8	1.382825e-02
8	8	9	2.027291e-01
8	9	0	6.369818e-02
8	9	1	2.097698e-01
8	9	2	7.309214e-01
8	9	3	7.725072e-01
8	9	4	4.313939e-01
8	9	5	6.703543e-01
8	9	6	5.854955e-01
8	9	7	2.955938e-01
8	9	8	9.604476e-01
8	9	9	2.955114e-01
9	0	0	1.227867e-01
9	0	1	8.319223e-01
9	0	2	5.179056e-01
9	0	3	6.989933e-01
9	0	4	1.971872e-01
9	0	5	1.565591e-01
9	0	6	3.990657e-01
9	0	7	8.450393e-01
9	0	8	7.190562e-01
9	0	9	4.399635e-01
9	1	0	4.784576e-01
9	1	1	5.682573e-01
9	1	2	8.252025e-01
9	1	3	9.823300e-01
9	1	4	1.413811e-01
9	1	5	7.465557e-01
9	1	6	1.129109e-02
9	1	7	4.192200e-01
9	1	8	1.835538e-01
9	1	9	2.511934e-02
9	2	0	6.219492e-01
9	2	1	2.472520e-01
9	2	2	2.348892e-01
9	2	3	3.528705e-01
9	2	4	1.975920e-02
9	2	5	6.662831e-01
9	2	6	2.322485e-02
9	2	7	6.052547e-01
9	2	8	9.618768e-01
9	2	9	9.836724e-01
9	3	0	9.007661e-01
9	3	1	8.466357e-02
9	3	2	8.155948e-01
9	3	3	4.186717e-01
9	3	4	7.836568e-01
9	3	5	1.278199e-02
9	3	6	5.752308e-01
9	3	7	1.827226e-01
9	3	8	8.578213e-01
9	3	9	2.942870e-01
9	4	0	6.226861e-01
9	4	1	3.362789e-01
9	4	2	8.625443e-01
9	4	3	4.478886e-01
9	4	4	3.186090e-01
9	4	5	3.925411e-03
9	4	6	1.944444e-01
9	4	7	3.299000e-01
9	4	8	4.231454e-01
9	4	9	3.779981e-01
9	5	0	3.550194e-01
9	5	1	4.509459e-02
9	5	2	6.252501e-01
9	5	3	5.899085e-01
9	5	4	3.979651e-01
9	5	5	6.450093e-01
9	5	6	2.561916e-01
9	5	7	4.211900e-01
9	5	8	2.502640e-01
9	5	9	2.180684e-01
9	6	0	4.048624e-01
9	6	1	1.510300e-01
9	6	2	3.027320e-01
9	6	3	2.204572e-01
9	6	4	5.697017e-01
9	6	5	8.638883e-02
9	6	6	2.332392e-01
9	6	7	1.449325e-01
9	6	8	2.691114e-01
9	6	9	9.106044e-02
9	7	0	4.392196e-01
9	7	1	8.917975e-01
9	7	2	4.273393e-01
9	7	3	3.017639e-01
9	7	4	3.396861e-01
9	7	5	7.459483e-01
9	7	6	3.056893e-01
9	7	7	5.341305e-01
9	7	8	7.584834e-02
9	7	9	7.288347e-01
9	8	0	9.121286e-01
9	8	1	4.308677e-01
9	8	2	7.739293e-01
9	8	3	5.373787e-01
9	8	4	2.077625e-02
9	8	5	1.718944e-01
9	8	6	1.823880e-01
9	8	7	2.769679e-01
9	8	8	5.930844e-01
9	8	9	4.326520e-01
9	9	0	4.950363e-01
9	9	1	9.979468e-01
9	9	2	5.836820e-01
9	9	3	7.977683e-01
9	9	4	2.184040e-01
9	9	5	1.533837e-01
9	9	6	8.841571e-01
9	9	7	4.516432e-01
9	9	8	2.983163e-01
9	9	9	1.532685e-01
