7.599321e-01	2.721400e-01	7.176543e-01	2.761919e-01	2.306350e-01	2.636741e-03	2.930311e-01	2.584956e-01	4.507464e-01	6.517686e-01	
1.681491e-01	2.291356e-01	4.203210e-02	-9.686769e-02	3.440112e-01	3.004912e-01	2.569986e-01	1.404584e-01	1.006691e+00	6.907139e-01	
4.325779e-02	-3.057597e-01	-2.134387e-01	-3.198538e-01	1.850765e-01	4.429573e-01	9.773545e-02	4.425938e-02	4.768340e-01	2.528477e-01	
3.375285e-01	3.184046e-02	-2.830863e-01	-2.590053e-01	2.632496e-01	1.689685e-01	2.567836e-01	5.180940e-01	2.559830e-01	2.554963e-03	
6.643397e-01	7.094105e-01	7.944637e-01	5.783492e-01	5.923623e-01	6.786962e-01	-8.529315e-02	4.290012e-01	-1.675278e-01	4.103692e-01	
8.176953e-02	1.501449e-01	-8.651669e-02	2.804233e-02	5.311365e-03	5.397637e-01	1.727486e-01	1.060271e+00	-2.111040e-01	2.151707e-02	
-5.261250e-01	-1.331733e-01	8.815269e-01	9.283632e-01	1.160168e+00	1.619132e-01	9.689670e-01	5.337664e-01	3.026907e-01	2.815704e-01	
4.657848e-01	4.292111e-01	3.986477e-01	4.444560e-01	1.303994e-01	6.080403e-03	-1.941592e-01	2.204574e-01	1.531345e-01	-2.029411e-01	
-4.392218e-01	2.739520e-01	7.134198e-01	3.715432e-01	9.035733e-01	6.431926e-02	-3.252728e-01	1.089207e+00	2.222687e-02	4.604279e-01	
-4.812431e-02	-1.510791e-01	3.261075e-01	-1.493814e-01	4.028471e-01	4.401488e-02	-2.033997e-02	-2.166141e-01	-1.490192e-01	1.218838e-01	
7.947760e-01	9.518367e-02	3.324273e-01	1.118413e-01	7.853528e-01	7.669193e-01	2.346184e-01	1.324059e-01	4.121158e-01	7.868433e-01	
1.716067e-01	1.023630e-01	1.927867e-02	-8.403692e-02	1.533908e-01	1.150609e-01	-1.396583e-02	-7.052042e-02	1.402125e-01	-1.164891e-01	
1.946761e-01	7.540184e-01	2.596510e-02	4.294894e-01	-8.790290e-02	4.575803e-01	2.345916e-01	3.203107e-01	2.564480e-01	3.796824e-01	
1.569089e-01	1.598230e-01	5.468401e-01	9.617392e-02	-3.820857e-02	-4.134290e-01	3.179042e-01	2.496476e-01	8.271118e-02	5.958162e-02	
8.280788e-02	2.259724e-01	-2.344066e-02	1.297659e-01	-1.562681e-01	-1.080048e-01	1.437435e-01	2.417946e-01	1.980085e-01	-2.652779e-01	
4.307311e-01	1.118488e+00	2.544789e-01	1.881821e-01	6.964687e-01	5.980620e-01	4.166202e-01	4.241246e-01	6.196282e-01	5.078176e-01	
3.160647e-01	6.261417e-01	5.822087e-01	1.012301e+00	4.704970e-01	4.626483e-01	1.262198e-01	5.427952e-01	4.348480e-01	6.555575e-01	
4.244446e-01	4.227244e-01	5.520541e-01	4.272896e-01	1.422646e-01	4.702259e-01	-2.559676e-01	3.207878e-01	5.772706e-01	2.117439e-01	
5.996576e-01	1.826819e-01	-7.418103e-02	4.968590e-01	-2.988143e-02	2.747362e-02	2.324627e-01	2.693562e-01	1.983516e-01	3.046719e-01	
8.414218e-01	5.629892e-01	3.101434e-01	3.915799e-01	5.288698e-01	5.860030e-01	7.508055e-01	7.844479e-01	9.747568e-01	1.712083e-01	
4.652841e-01	8.634985e-01	2.410439e-01	7.741867e-01	4.223935e-02	7.247834e-01	6.909522e-01	5.113644e-01	6.965836e-01	1.865715e-01	
2.078804e-01	7.447140e-01	3.415385e-01	6.688979e-01	-2.730864e-01	-2.134206e-01	3.428121e-01	2.742685e-01	1.822831e-01	3.066693e-01	
5.026307e-01	2.770630e-01	1.011282e+00	4.356899e-01	3.115434e-01	1.920718e-01	4.725745e-01	1.285002e-01	9.558402e-01	4.131278e-01	
6.763262e-01	-3.641384e-03	4.916335e-01	2.599254e-01	-1.551240e-01	4.465402e-01	3.092254e-01	8.117657e-02	3.262457e-01	5.303161e-01	
1.933424e-01	8.033972e-01	-2.060487e-01	4.290783e-01	9.597709e-01	2.333855e-01	6.566024e-01	8.541762e-01	5.902702e-01	1.028716e-02	
5.127958e-01	3.269574e-01	7.053894e-01	-3.393551e-02	-8.289673e-02	1.064113e+00	3.065784e-01	5.891611e-01	3.201036e-01	7.094010e-01	
3.099974e-02	1.853559e-01	2.443292e-01	3.008556e-01	5.206876e-01	5.829859e-01	5.969067e-01	4.501885e-01	8.361968e-02	4.012916e-02	
-7.609369e-02	-6.132370e-02	-1.225873e-01	9.746866e-02	1.308457e-02	2.555298e-02	5.993710e-02	7.592225e-02	5.127409e-02	-1.126997e-01	
1.093966e+00	1.100116e+00	6.521135e-01	2.109625e-01	-5.589157e-01	2.530289e-01	1.211063e+00	5.200876e-02	3.933503e-01	-1.966219e-02	
1.209567e-01	2.980178e-02	5.160147e-02	-1.854650e-01	2.466140e-01	-1.172764e-01	2.431723e-01	-2.182567e-02	3.913583e-02	3.147372e-02	
3.520221e-01	5.004288e-01	6.467449e-01	9.160313e-01	6.676088e-01	5.332592e-01	3.631839e-01	1.541299e-01	4.396051e-01	8.486730e-01	
-2.342259e-02	-3.043745e-01	-2.781749e-01	2.886396e-02	3.500860e-02	-1.329347e-02	1.130131e-01	-2.068515e-02	2.492925e-01	3.163907e-01	
8.365773e-01	-1.009353e-02	4.416560e-01	7.015584e-01	1.199448e-02	5.195974e-01	9.580119e-01	-1.415364e-01	-6.584362e-02	8.734518e-01	
1.083075e-02	1.056460e-01	1.679622e-01	-1.390635e-01	1.844117e-01	1.769616e-01	-1.409796e-01	-1.785084e-01	2.521833e-02	-1.674105e-01	
6.082261e-01	1.439911e-01	4.363580e-01	-2.341779e-01	8.034689e-01	6.481627e-02	1.235714e-01	3.887648e-01	4.027320e-01	3.637866e-01	
2.338233e-01	5.999584e-01	8.863329e-01	-3.220693e-02	3.849738e-01	5.683186e-01	7.824857e-01	8.717467e-01	2.452591e-01	3.878742e-01	
-2.569350e-01	1.026504e+00	3.451516e-01	4.612587e-01	1.099275e+00	1.730237e+00	7.258492e-02	4.229840e-01	-5.930773e-01	6.214769e-01	
4.197195e-03	2.287134e-01	4.363559e-03	4.352268e-01	2.789235e-01	-1.628017e-01	4.945004e-01	1.446285e-01	-8.066307e-02	3.260803e-01	
-8.933480e-02	8.719579e-01	-3.760915e-01	3.436381e-01	5.940872e-01	3.033908e-01	1.152557e+00	2.697207e-02	7.044983e-01	2.738035e-01	
1.007653e+00	6.311123e-01	7.086729e-02	-1.874976e-01	4.611262e-01	8.048343e-01	9.333870e-02	3.038305e-01	1.626511e+00	9.377415e-01	
4.404979e-01	5.197543e-01	4.836868e-02	1.335172e-01	8.362639e-01	5.783080e-01	5.187006e-01	7.406128e-01	2.314009e-01	2.000512e-01	
1.176908e-02	-6.623995e-03	2.063790e-02	-9.988051e-03	-4.240464e-03	-1.018779e-03	-1.459271e-02	6.670103e-03	6.823144e-03	3.374302e-03	
1.057630e+00	9.314914e-01	-7.810384e-02	1.524839e+00	1.009058e+00	-4.261413e-03	5.905866e-01	1.110897e+00	5.150530e-01	2.241631e-01	
4.298474e-01	6.474136e-01	9.650303e-01	3.554599e-01	4.726258e-01	6.335320e-02	-5.728855e-03	2.291054e-02	4.295759e-01	9.931123e-02	
-2.184931e-01	2.189187e-01	7.116919e-01	1.039508e+00	7.261724e-01	9.106533e-02	-3.259104e-02	8.293056e-01	-3.046267e-01	-3.913752e-02	
4.089502e-01	5.237077e-01	9.346420e-01	3.468350e-01	4.310252e-01	1.965797e-01	2.465039e-01	9.531026e-01	2.980430e-01	7.974447e-01	
6.067947e-02	1.898926e-01	2.043050e-01	9.442032e-01	4.339945e-01	1.158774e-01	2.991351e-01	4.102650e-01	3.340768e-01	7.869294e-01	
1.678592e-01	-3.425414e-01	-1.941008e-01	2.720908e-01	9.044797e-01	-5.402945e-01	2.132153e-01	1.959272e-01	1.545329e-01	5.939795e-01	
4.652256e-01	1.321864e-01	7.520652e-01	5.698707e-01	6.183621e-01	5.395000e-01	1.903299e-01	1.083928e+00	1.441416e-01	4.856236e-01	
7.471706e-01	6.041060e-01	6.239685e-01	9.073554e-01	-1.108864e-01	5.367298e-01	1.030626e+00	2.054300e-01	8.339155e-01	4.436036e-01	
7.656398e-01	-5.037725e-02	9.829802e-01	-3.486908e-03	5.255115e-01	1.542492e-01	3.037732e-01	6.833506e-01	4.589956e-01	-8.300250e-02	
1.948666e-01	1.132381e-01	3.067203e-01	2.218065e-01	4.647549e-01	-5.870692e-02	1.949187e-01	2.206256e-01	2.363373e-01	-2.004962e-01	
6.827927e-01	4.055112e-01	2.984254e-01	9.930534e-03	5.144833e-01	3.150281e-01	2.882256e-01	9.167786e-01	3.391092e-01	7.043224e-01	
3.247695e-01	9.871886e-02	2.567830e-01	4.844338e-01	3.867533e-01	6.648631e-01	1.047339e-01	2.565942e-01	-2.315607e-01	1.800956e-01	
4.121238e-01	7.721818e-01	7.445440e-01	6.003382e-01	2.029267e-01	3.144900e-01	4.749393e-01	5.235698e-01	9.107651e-01	4.219978e-01	
4.064115e-02	2.740714e-01	-1.575035e-01	2.392281e-01	2.293609e-01	7.066635e-01	4.778826e-01	3.670599e-01	6.533105e-01	7.941209e-01	
-1.093742e-02	5.015264e-01	2.452121e-01	4.636958e-01	3.526238e-01	2.057123e-01	-5.806803e-02	3.122806e-01	9.232731e-01	8.305370e-02	
-1.018953e-01	2.891934e-02	1.634052e-01	-2.884715e-01	-3.328991e-01	-1.087874e-01	2.340987e-01	2.296369e-01	3.007941e-01	4.126335e-01	
5.810289e-01	6.638834e-02	4.185248e-01	1.105120e+00	2.712708e-01	5.838269e-01	7.530764e-01	1.103001e+00	1.201936e+00	2.129079e-01	
-8.170167e-03	3.253979e-02	1.999616e-01	4.112883e-03	-2.478864e-01	-2.308120e-01	-1.620495e-01	2.712146e-01	-8.251234e-02	2.419378e-01	
3.411753e-01	3.610269e-02	6.545485e-01	5.214095e-01	6.800777e-01	8.873432e-01	7.296911e-01	5.429840e-02	3.959423e-01	5.839014e-01	
1.532723e-02	-2.848347e-01	4.486599e-01	1.696222e-02	-3.213077e-01	7.348978e-02	2.811057e-01	4.664048e-01	4.261827e-01	-2.563039e-02	
3.165471e-01	3.003496e-01	1.309212e-01	4.596811e-01	3.128423e-01	2.343446e-01	-2.001737e-01	4.325014e-01	6.202712e-01	7.070425e-01	
9.789203e-03	5.438370e-03	1.038478e-01	4.807874e-01	2.800873e-01	1.055424e-01	4.245670e-01	1.198662e-01	3.439507e-01	1.718144e-01	
9.768386e-01	4.348832e-01	7.726464e-01	4.417416e-01	1.144049e+00	-1.182941e-01	4.826446e-01	8.157683e-01	1.902435e-01	2.186453e-01	
4.424368e-01	5.094092e-01	8.881176e-01	7.524218e-01	1.009634e+00	6.552770e-01	-9.829294e-02	6.779250e-01	6.588826e-01	7.078817e-01	
1.341043e-01	6.046535e-01	6.021734e-01	9.936948e-01	7.656316e-01	6.210332e-01	1.137137e-01	9.124523e-01	3.792481e-01	7.851967e-01	
-9.431556e-02	8.643857e-02	-2.764759e-02	-3.549250e-01	4.105193e-01	2.823596e-01	2.376244e-01	2.197675e-01	3.051677e-01	2.415988e-01	
1.129317e+00	5.932356e-01	8.006608e-01	3.727357e-01	6.857458e-01	6.312095e-01	-7.796514e-02	4.556329e-01	-1.247640e-01	8.659321e-02	
3.729045e-02	-1.792096e-01	-1.986375e-01	-3.354075e-01	3.026642e-01	3.809125e-01	2.064688e-01	3.068662e-01	1.470575e-01	3.523447e-01	
2.028167e-01	1.072872e+00	5.935595e-01	5.480487e-01	3.368219e-01	9.960481e-01	2.099929e-01	5.542402e-01	1.019314e+00	3.994070e-01	
5.363585e-01	3.699545e-01	4.050871e-02	2.742013e-01	3.721012e-01	4.425818e-01	8.006128e-02	4.288098e-01	5.565254e-01	2.550266e-01	
6.889660e-01	2.462252e-01	1.867464e-01	7.431467e-01	1.396974e-01	1.757148e-01	2.035899e-01	1.271826e-01	3.478343e-01	5.793656e-01	
-1.838663e-01	1.566805e-01	-5.927181e-03	-2.421624e-01	3.408061e-01	7.637517e-02	3.423074e-01	-9.125261e-02	5.205993e-02	4.260006e-01	
2.095115e-01	9.157543e-01	8.889508e-02	1.630275e-01	3.117488e-01	6.833721e-01	6.959089e-01	8.854699e-01	1.144515e+00	2.681885e-02	
4.918996e-01	6.806980e-01	4.188713e-01	8.119667e-01	4.583313e-01	2.076910e-01	7.171950e-01	9.243549e-01	4.181298e-01	-1.921195e-02	
1.575410e-01	1.216514e+00	7.789096e-01	9.092939e-01	3.760637e-01	1.146387e+00	8.241793e-01	-1.509135e-02	-1.801583e-01	9.311619e-01	
1.889541e-01	1.617711e-05	6.294316e-01	6.395274e-01	1.764885e-01	2.231637e-01	3.423593e-02	1.527748e-01	-4.704066e-01	-1.467876e-01	
3.897027e-01	4.539710e-01	-2.421420e-01	2.392476e-01	1.356450e-01	2.590009e-01	3.644262e-02	5.646719e-01	1.501629e-01	6.909673e-01	
4.018246e-02	4.490184e-02	-2.607382e-01	1.793042e-01	-1.545718e-01	5.686709e-02	1.875972e-01	-4.513199e-02	1.014741e-01	2.927280e-03	
2.175012e-01	1.754097e-01	9.710951e-01	3.524942e-01	9.544200e-01	4.775337e-01	3.161675e-01	2.837272e-01	6.723517e-01	8.107779e-01	
5.705776e-01	6.955053e-01	9.905566e-03	4.424817e-01	1.783534e-01	-3.666232e-01	6.424539e-03	6.994494e-01	4.799658e-01	9.917903e-02	
3.841285e-01	2.273190e-01	7.442307e-01	1.663926e-01	8.918266e-02	5.906469e-03	-1.700336e-01	7.650432e-01	-8.384316e-02	-5.280564e-01	
3.650627e-03	-1.487907e-01	6.855411e-01	2.037506e-02	4.407453e-01	4.952804e-01	-1.388325e-01	-2.825962e-01	5.165174e-02	-2.308658e-01	
9.750903e-01	2.999546e-01	2.210901e-02	8.505281e-01	9.225601e-02	4.815856e-01	2.508460e-02	2.030806e-01	2.093679e-01	-1.187113e-01	
3.256910e-01	1.184955e+00	-2.569562e-02	3.326957e-02	6.481519e-01	2.221660e-01	3.300329e-02	8.078339e-01	2.689720e-01	1.277758e-01	
1.115097e+00	4.611414e-01	4.350102e-01	5.463445e-01	2.550931e-01	4.272368e-01	3.823529e-01	1.059039e+00	9.089379e-01	2.601403e-01	
3.195114e-01	2.139917e-01	1.195606e-01	-2.357450e-01	-5.920734e-01	6.533224e-02	-1.135655e-01	2.057295e-01	-3.528642e-02	3.183013e-01	
7.664914e-01	8.037584e-01	2.749407e-01	9.300563e-01	4.236814e-01	3.580397e-01	2.639530e-01	3.853279e-01	3.884205e-02	3.774678e-01	
-4.066255e-01	-7.874122e-02	7.832644e-02	-8.367986e-02	3.280278e-01	7.113821e-01	-4.832078e-01	-7.889481e-02	-1.692534e-01	-3.605486e-03	
4.165153e-01	8.185950e-01	-7.114339e-02	1.123681e+00	7.201794e-01	9.372563e-01	3.570051e-01	5.208065e-02	1.809786e-01	9.386138e-01	
-5.507843e-01	5.665445e-01	-1.860530e-02	6.656947e-01	1.840683e-01	3.551191e-01	3.735845e-01	-6.254960e-02	3.359718e-02	-1.164994e-01	
3.184007e-01	-1.022110e-01	6.201783e-01	2.169333e-01	7.180311e-01	5.591936e-01	1.776971e-02	1.150725e+00	1.867923e-01	1.067009e+00	
2.101108e-01	-3.532265e-02	-6.465989e-02	2.716866e-01	5.584328e-01	4.344313e-01	5.771952e-01	1.194163e+00	2.102606e-01	1.325545e-01	
2.999281e-01	8.933099e-01	8.094258e-01	5.187967e-01	2.658072e-01	5.158426e-01	7.005855e-01	4.428517e-01	4.254083e-01	5.211936e-01	
5.284329e-01	3.962843e-01	2.510311e-01	2.133521e-01	3.714490e-01	3.295089e-01	-2.489779e-01	5.899019e-01	-7.298106e-02	8.677477e-01	
8.555520e-01	5.266370e-01	9.686703e-02	2.934320e-04	1.170726e+00	-8.993239e-02	5.599162e-01	1.056543e+00	9.161187e-01	2.838506e-01	
-1.063222e-02	8.276993e-03	-3.286174e-02	3.477817e-02	3.947606e-03	-1.115320e-01	1.212160e-01	-1.007293e-01	1.516001e-01	-1.161331e-01	
6.010941e-02	-2.922066e-01	1.125212e-01	6.987755e-01	-3.795732e-01	-2.289526e-01	-2.041208e-02	3.670829e-01	5.482083e-01	2.682349e-01	
5.038768e-01	-1.375578e-01	4.736913e-01	6.976578e-02	3.443731e-01	-1.444126e-01	1.797830e-01	2.432114e-02	-3.540021e-02	2.020720e-01	
