-6.174466e-02	1.189704e-01	1.318723e-01	-6.704807e-02	-1.841469e-01	4.538155e-02	2.166239e-02	2.567706e-02	-1.929541e-01	2.508966e-01	
-6.479446e-01	1.519658e-01	4.368049e-01	2.616296e-01	-1.120041e-01	-5.667904e-01	-2.784162e-01	7.394971e-01	5.550507e-02	2.889671e-02	
2.092761e-01	-4.601222e-02	-1.741585e-01	-9.308505e-02	2.873194e-01	-1.704856e-01	-3.165796e-01	1.599026e-01	5.268601e-02	1.067277e-01	
2.007909e-02	6.188715e-02	-4.170793e-02	3.100969e-03	7.815573e-03	-3.708115e-02	-2.705996e-02	-4.327826e-02	5.091779e-02	3.663482e-02	
3.935694e-01	3.467558e-01	1.190330e-01	-2.217993e-01	-6.400976e-01	-5.145683e-01	7.467834e-01	4.499995e-01	-8.930989e-01	3.995288e-01	
6.272011e-01	3.037631e-01	2.685312e-02	5.324409e-01	-5.832839e-02	9.188075e-02	-3.192238e-01	-8.958265e-02	-5.599916e-01	-5.922335e-01	
2.210697e-01	-1.215869e+00	-6.470156e-02	-3.897300e-01	-4.129663e-01	1.229748e-01	-1.052346e-02	2.013199e-01	9.696578e-01	6.086460e-01	
4.517200e-01	1.475580e-02	-1.253430e-01	6.259836e-02	-3.477632e-01	9.537587e-02	-2.089116e-01	3.219104e-01	-1.679314e-01	-1.441654e-01	
6.146938e-02	-9.555882e-01	6.074814e-01	-2.441188e-01	-5.375021e-01	9.431485e-01	1.954660e-01	-5.185443e-01	3.223643e-01	1.253521e-01	
-2.025310e-01	-4.046702e-01	3.474174e-01	-3.262918e-01	8.248053e-02	-5.066099e-01	3.638281e-01	5.551584e-01	1.498070e-01	7.325875e-02	
-2.433531e-01	-8.766897e-02	2.733354e-01	-4.218384e-01	-5.809139e-01	2.860465e-02	5.716136e-01	1.889635e-01	-1.394173e-01	5.718840e-01	
5.701103e-02	-2.281241e-02	-1.642653e-02	-6.332111e-02	3.090075e-02	2.914834e-02	-9.970240e-03	1.736714e-03	5.080261e-03	2.015970e-02	
-6.185526e-01	1.994291e-01	-2.577196e-02	1.205581e-01	5.561153e-01	2.929567e-01	-8.880229e-03	6.409642e-02	5.152313e-01	-1.224492e+00	
-3.272054e-02	-3.190927e-02	6.139272e-02	9.422362e-02	-4.961287e-03	-7.841443e-02	1.352515e-02	4.528556e-02	2.553872e-02	-3.763123e-02	
6.028921e-02	3.451118e-03	9.187970e-02	-1.525898e-01	4.754777e-02	-5.547610e-02	1.056455e-01	2.146989e-03	-4.655309e-02	-2.705694e-02	
-2.369820e-02	9.520211e-03	2.077620e-01	-3.420877e-02	1.061389e-02	-4.126575e-02	-1.099123e-01	1.354349e-01	-6.472798e-02	5.795656e-02	
-1.674617e-02	1.261999e-01	-5.792293e-02	5.723879e-02	-1.817676e-01	-3.346574e-01	1.479481e-01	7.930103e-02	-1.267047e-01	4.189178e-01	
-1.253241e-02	1.918341e-02	7.758657e-05	1.771235e-04	1.887133e-03	-4.348617e-03	-4.031916e-03	-9.143247e-03	5.854512e-03	6.811781e-03	
-7.357761e-02	-7.767345e-02	-3.371926e-01	5.106466e-01	3.131517e-01	-4.512890e-01	5.971883e-02	-4.503031e-01	9.354148e-02	5.011596e-01	
8.367436e-02	3.658736e-02	-5.941163e-02	-6.235398e-02	8.425055e-02	-3.790798e-02	4.410919e-02	-8.554362e-02	-6.263215e-03	4.577636e-02	
1.666363e-01	-1.157259e-02	3.748510e-02	1.080727e-01	6.805202e-02	1.039730e-01	-4.722487e-02	-2.976640e-01	-7.583018e-02	-3.015521e-02	
-4.796799e-01	3.122188e-01	4.633099e-01	-2.465699e-01	1.176487e-01	-1.642643e-01	-3.649943e-01	2.803571e-02	3.744674e-01	-1.864220e-02	
2.847084e-01	1.444357e-01	1.343501e-01	4.357895e-01	-4.795779e-01	-2.965075e-01	-3.516045e-02	-2.623577e-01	-1.704996e-02	1.213746e-01	
-1.908921e-01	3.715712e-01	-4.127816e-01	-7.487662e-03	1.124848e-01	2.086780e-02	-1.471045e-01	1.199931e-01	1.365365e-01	5.810593e-03	
-1.555958e-01	2.840314e-01	-1.127452e-01	-3.413490e-01	4.384444e-01	1.323082e-01	-9.757861e-02	3.632337e-01	-2.601366e-01	-1.946155e-01	
5.650445e-01	-8.025826e-01	8.359070e-02	1.405912e-01	-3.008122e-01	2.347610e-02	-2.542754e-01	4.012773e-01	1.104198e-01	-7.787179e-03	
4.331140e-02	-3.104395e-02	-3.358300e-02	2.532890e-02	2.690053e-03	7.099876e-02	-7.138987e-02	-4.810097e-02	6.465076e-02	3.491091e-02	
-2.447685e-02	1.048867e-02	9.217545e-02	-1.485739e-02	-6.949585e-02	1.143276e-02	-1.138536e-02	8.120416e-02	8.174725e-02	-9.194582e-02	
-3.793020e-01	2.368214e-01	-3.188675e-01	1.436449e-02	2.091468e-01	2.276549e-01	-1.408742e-02	4.835711e-02	1.545103e-01	-1.530924e-01	
1.685969e-02	1.808308e-02	3.683939e-02	2.738575e-02	-4.374781e-02	1.263868e-02	-5.647249e-03	1.284317e-02	2.638631e-02	-4.871387e-02	
-1.319072e-01	3.606470e-01	-7.090875e-02	5.102171e-02	1.088612e-02	9.352933e-02	5.679800e-02	-6.742224e-03	-8.884846e-02	-2.615700e-01	
6.841346e-03	2.622227e-04	1.176146e-02	1.248471e-02	5.133681e-03	1.167528e-02	2.842244e-03	5.243007e-03	5.517046e-03	-7.811552e-03	
-3.117719e-01	-9.688322e-02	-5.500954e-01	4.272447e-01	5.051007e-01	-4.928136e-01	1.224141e-02	1.260005e-01	6.263821e-01	-2.132517e-01	
-2.087507e-02	2.030242e-02	6.302253e-02	-1.991094e-02	5.594604e-02	-5.739884e-02	-1.033922e-01	4.601548e-02	7.892522e-02	3.084254e-02	
-5.004141e-02	-8.890405e-02	8.521847e-02	-2.476832e-02	2.586365e-02	1.487332e-01	3.367022e-02	1.469172e-01	-1.128297e-01	-3.844131e-02	
-4.283771e-02	3.898194e-02	2.932070e-01	-1.066946e-01	9.221451e-02	1.138458e-01	-3.142305e-01	-2.548159e-01	5.178790e-02	1.592835e-01	
-8.400249e-02	3.174941e-01	5.487053e-02	2.519141e-02	-2.269201e-02	-2.600204e-01	3.639634e-02	-8.510698e-02	3.272729e-01	-3.015353e-01	
7.404230e-02	1.650478e-01	-1.244227e-01	1.381833e-02	5.233092e-02	-2.028995e-01	1.405412e-01	-9.092577e-02	2.535294e-02	-5.709653e-03	
-1.574253e-01	8.695727e-02	2.074273e-01	-2.225582e-01	2.921106e-02	-1.090722e-01	-2.667033e-01	8.339296e-02	2.546274e-01	1.341748e-01	
-2.771790e-02	-1.490927e-01	1.475622e-01	1.049159e-01	1.990966e-02	-3.556482e-02	5.901141e-03	7.834450e-02	-4.589447e-02	-6.102546e-02	
2.054739e-01	-1.771900e-02	-2.839034e-02	7.317138e-02	-6.443261e-02	4.672473e-02	-6.191465e-02	-1.089421e-01	-1.796833e-01	1.935361e-01	
-2.655071e-03	-1.856127e-03	-1.316025e-02	-6.962302e-03	-6.202516e-02	2.546865e-02	-3.204943e-02	6.581734e-02	3.835254e-02	-1.661483e-02	
-2.647124e-01	-1.088559e-02	-2.231524e-01	-1.021695e-01	8.003891e-02	3.079918e-01	2.077339e-01	-2.695210e-03	1.382023e-01	-1.209927e-01	
1.129920e-01	8.278033e-02	-3.543316e-02	-9.821011e-02	2.826906e-03	-2.051557e-01	6.723365e-02	1.456123e-01	8.722913e-03	5.588326e-03	
2.723165e-01	6.203860e-01	-7.809371e-01	1.036856e+00	-2.584861e-01	-5.527722e-02	-8.575734e-02	-6.774619e-02	-2.938975e-01	-4.459784e-01	
-8.733558e-01	1.889555e-02	9.096414e-01	4.965402e-01	3.636955e-01	-3.496307e-02	2.786728e-01	-1.503482e+00	2.063378e-01	2.683231e-01	
8.664884e-02	4.936401e-02	-2.422233e-01	1.259009e-01	8.702128e-02	3.928783e-02	1.073562e-01	-2.199888e-01	1.179758e-01	-1.541386e-01	
1.513480e-01	5.656935e-02	1.442313e-01	-5.321360e-02	-8.041804e-02	-9.940889e-02	8.827857e-02	-5.220392e-02	-2.035913e-01	1.109621e-01	
-1.230274e-01	-2.356656e-01	1.637323e-01	-9.161981e-02	-8.082921e-02	-1.932584e-01	-5.895766e-02	-1.003362e-01	4.991572e-01	2.752349e-01	
6.554687e-03	-6.465463e-02	7.783103e-02	5.432610e-02	3.908636e-02	7.332647e-02	-2.264720e-02	-6.086729e-02	-6.242029e-02	6.407778e-03	
-1.302865e-01	2.849225e-01	-2.500582e-02	4.768195e-02	1.008005e-03	1.840013e-01	2.899070e-01	-9.571876e-02	-1.936867e-01	-3.270547e-01	
1.746255e-02	2.102697e-02	7.244170e-03	-3.892293e-03	7.293587e-03	1.042187e-02	1.164829e-02	9.913240e-03	1.565658e-02	2.493445e-02	
-9.316073e-01	-1.742576e-01	1.509204e-01	3.476037e-01	1.408466e+00	2.214130e-01	-4.958756e-01	-1.234961e+00	7.771422e-01	-2.890847e-04	
1.311168e-01	3.203469e-02	1.424964e-02	-7.165104e-02	5.327652e-02	-8.003719e-02	-1.197255e-02	-9.231946e-02	6.126776e-02	1.061947e-02	
1.845289e-01	5.073225e-01	-1.610427e-01	-2.725200e-01	8.817709e-01	4.827028e-02	-8.738971e-01	1.923403e-02	-2.376451e-01	-1.293563e-01	
-1.698771e-01	1.326602e-01	3.417015e-02	5.100186e-01	7.122292e-02	-3.508189e-01	2.345710e-01	-1.150267e-01	-8.001654e-02	-1.601892e-01	
1.499696e-01	2.522985e-01	4.918583e-02	-2.679391e-02	2.572652e-01	1.113533e-01	-8.898108e-02	-9.812478e-02	-1.657777e-01	-4.662529e-01	
6.410649e-03	4.023930e-03	-2.535665e-03	-5.552949e-03	-8.642233e-07	-7.150633e-03	8.629893e-03	-9.847105e-03	3.721295e-03	1.311353e-02	
7.428622e-03	2.313490e-02	-1.220144e-02	3.615985e-02	2.671934e-02	1.231054e-03	4.076628e-02	-8.444246e-02	3.897273e-02	-1.108665e-02	
1.725767e-01	8.881290e-01	3.095952e-02	2.722389e-01	1.155521e-01	3.885654e-01	4.206134e-01	1.756038e-01	1.501622e-01	6.315835e-02	
-3.608353e-02	-2.528274e-01	6.617356e-02	-1.700202e-01	-2.602946e-02	-7.210063e-02	1.701848e-01	3.094924e-01	1.386171e-01	-8.531994e-02	
-5.127605e-03	2.928452e-04	1.071622e-01	5.671736e-02	-3.587022e-02	-5.081659e-02	-1.176761e-02	5.470791e-02	-1.274834e-02	-5.024549e-02	
-2.401633e-01	3.023539e-02	2.769293e-01	-9.645950e-02	1.285817e-01	1.266172e-01	-7.217401e-02	-8.647933e-02	4.208396e-02	-2.503874e-02	
5.087583e-02	8.762050e-02	-5.164489e-02	-6.748981e-02	-8.884707e-02	5.980112e-02	2.630957e-02	1.422434e-04	-8.607230e-03	1.432647e-02	
-5.059878e-01	1.774843e-01	5.162093e-01	4.757930e-02	-2.953536e-01	-2.817916e-01	-1.186484e-01	3.038058e-01	-3.679160e-01	8.109680e-01	
-1.047301e-01	6.411450e-02	-1.378387e-01	3.476154e-02	3.812036e-03	1.801174e-01	5.596321e-02	-2.455956e-01	1.405978e-01	8.896233e-03	
-1.795510e-02	1.067346e-01	-2.121598e-02	-2.284725e-01	1.426001e-01	1.049146e-01	-1.357014e-01	-2.681654e-01	4.752873e-01	-2.048896e-01	
-2.226692e-02	1.507942e-01	2.772917e-02	-7.853213e-02	-6.704276e-02	-6.312899e-02	-2.159820e-01	1.618318e-01	9.224335e-02	3.348347e-02	
4.023385e-02	5.106275e-01	-2.043471e-01	3.295920e-02	8.790470e-02	3.590149e-02	-1.137469e-01	-1.420913e-02	-5.083235e-02	-3.511914e-01	
-2.247105e-01	1.059988e-02	9.927228e-02	7.698947e-02	-1.661889e-01	2.673712e-01	-1.167934e-01	1.840048e-01	-2.364071e-02	-8.941150e-03	
4.676310e-02	4.008110e-01	3.304148e-01	2.501614e-01	1.582787e-01	-1.778169e-01	-6.140803e-01	-3.990200e-01	-3.914091e-02	7.214627e-02	
3.492221e-02	1.572750e-02	-3.182816e-02	4.064379e-03	9.494115e-03	-1.873356e-02	-1.518082e-02	-1.322350e-03	-1.788613e-02	4.280076e-02	
2.057503e-01	-7.055328e-01	7.333155e-02	-1.824987e-01	6.900566e-02	4.177337e-02	6.073566e-02	1.893202e-02	1.973344e-01	2.725876e-01	
-1.180178e-02	-1.222307e-02	-7.239756e-02	1.494996e-01	-9.864698e-02	-3.732691e-02	-5.737509e-02	8.506211e-02	8.350325e-02	-4.045400e-03	
1.644857e-01	2.819718e-02	-1.274135e+00	5.057154e-01	1.248428e+00	2.423606e-01	-8.408252e-01	-3.048032e-01	9.743750e-01	-9.739155e-01	
-3.085235e-02	-3.776813e-01	5.871603e-01	2.244244e-01	-4.037080e-01	3.877169e-01	-4.473347e-01	-5.963715e-01	3.660929e-01	2.924609e-01	
-3.937032e-01	-2.108308e-02	-2.644116e-01	1.505328e-01	6.547356e-01	2.326840e-01	-8.855101e-02	-2.593246e-01	1.316300e-01	-9.431708e-02	
1.202611e-01	-6.331182e-02	1.020968e-02	3.455320e-02	-6.572758e-02	6.867291e-02	3.371959e-02	-4.460515e-02	7.010517e-02	-1.409983e-02	
9.618246e-01	-6.540302e-01	-3.319195e-01	1.615424e-02	5.165960e-01	5.255882e-02	-1.093346e-01	-9.637978e-02	-3.150549e-01	-6.486121e-02	
-1.714001e-02	5.679912e-02	-8.211804e-03	3.470205e-02	-1.114670e-01	7.514014e-03	-1.739904e-01	2.508534e-03	2.764492e-01	-5.757389e-02	
8.727576e-02	8.627554e-04	-6.849953e-02	1.959540e-01	-1.926699e-01	-7.230693e-02	2.298199e-01	-6.223519e-03	-3.175139e-01	2.481619e-01	
1.370816e-01	-1.291242e-02	-5.094003e-02	-1.232136e-01	-8.434823e-02	-2.801985e-02	1.696290e-01	-1.417169e-01	2.088021e-01	-1.070688e-01	
-1.766527e+00	1.338669e+00	-2.166540e+00	-2.262717e-01	6.040702e-01	3.109000e-01	1.240997e+00	-7.442487e-01	5.672716e-01	1.109623e+00	
6.108348e-03	5.844880e-03	5.860943e-03	5.205654e-03	5.574288e-03	5.661148e-03	5.895774e-03	5.632898e-03	6.293902e-03	4.470451e-03	
-3.524484e-02	1.152400e+00	-2.340944e-01	-6.143193e-01	1.086276e+00	2.193234e-02	1.149731e-01	-2.520112e-01	2.214826e-02	-1.387395e+00	
-1.205572e-01	9.775743e-03	-1.356502e-01	-2.842166e-01	-1.545545e-01	5.195181e-01	-2.769163e-02	5.377127e-02	5.397990e-02	1.286364e-01	
-4.020477e-01	2.037379e-01	-2.464197e-01	-3.215905e-01	-1.974967e-01	9.813374e-02	1.979138e-01	1.754955e-01	3.559617e-01	1.567813e-01	
-9.550657e-03	-3.530573e-02	1.787819e-02	4.642463e-02	2.612589e-02	4.184768e-02	-2.384617e-02	2.259996e-03	-4.188145e-02	4.748190e-03	
-5.129826e-02	-7.622509e-02	3.613451e-02	6.044693e-02	-2.429130e-01	4.094801e-02	-7.113442e-02	-2.290476e-01	2.930532e-01	2.685536e-01	
9.612980e-01	6.948197e-01	7.541341e-01	3.679778e-01	2.982221e-01	7.773799e-01	7.638608e-01	2.616701e-01	3.805427e-01	1.330296e-01	
-1.804966e-01	1.207405e+00	-1.515168e+00	-2.642365e-02	1.312289e+00	6.214138e-02	2.737077e-01	9.542286e-01	-7.775377e-01	-1.320521e+00	
9.713343e-02	3.176902e-03	4.804722e-02	-4.937011e-02	-3.131956e-02	-5.684664e-02	9.575046e-02	2.786770e-02	1.394575e-03	-5.964304e-02	
-1.755556e-01	6.423871e-02	1.541756e-01	8.672396e-02	1.062200e-01	1.769926e-02	1.647713e-01	3.403278e-03	7.203632e-02	-4.638098e-01	
-2.489754e-02	6.795662e-02	4.079687e-01	3.026855e-02	1.782884e-01	-5.190237e-01	-1.941743e-02	-3.517771e-01	1.950742e-01	1.434850e-01	
6.864475e-02	-3.205102e-01	7.198787e-01	3.366596e-02	-7.380550e-01	1.821668e-01	5.140042e-02	-2.973507e-01	5.578320e-03	3.585988e-01	
3.890824e-01	-1.959375e-01	-2.077354e-01	3.893107e-01	-8.195799e-01	1.839367e-01	2.133961e-01	1.530101e-01	-8.165763e-02	-1.638397e-02	
-2.744781e-01	4.856471e-01	-5.579831e-01	1.274982e-01	-2.219420e-01	-1.615061e-01	-1.820404e-01	5.065844e-01	4.369893e-01	-1.932297e-01	
4.814738e-02	-5.927464e-02	-1.627749e-02	2.366819e-02	4.020019e-03	6.847595e-03	2.165602e-02	1.235050e-02	1.266931e-02	-3.546130e-03	
-1.034447e-01	4.177346e-01	-5.314631e-03	-2.260625e-01	1.136759e-01	-4.156149e-02	-2.453689e-01	1.906041e-01	1.086667e-01	-2.385367e-01	
1.105857e-03	1.037994e-03	9.342042e-04	1.012129e-03	9.964267e-04	1.069787e-03	9.154147e-04	9.573869e-04	1.062717e-03	8.950151e-04	
