1.344015e-01	5.215676e-01	9.564079e-01	7.983624e-01	9.905187e-01	6.342324e-01	7.902344e-01	2.681160e-01	3.873271e-02	1.054360e+00	
2.145844e-02	1.610928e-01	1.631410e-01	9.777820e-01	1.862978e-01	5.108430e-01	5.098566e-01	4.964367e-01	3.951450e-01	4.171217e-01	
-1.782110e-01	2.769722e-01	8.365459e-01	9.220988e-01	7.070258e-01	-2.502890e-01	6.246551e-01	7.988175e-01	-6.813984e-02	-2.945514e-01	
4.745149e-01	3.796774e-01	2.302948e-01	2.516273e-01	3.900330e-02	8.471567e-01	1.250123e-01	3.367340e-01	-2.282669e-01	-5.136779e-02	
8.791040e-01	1.741509e-01	6.953333e-01	7.046275e-01	5.498773e-01	1.305115e+00	2.771339e-01	6.184840e-01	7.428852e-01	3.051075e-01	
8.607928e-01	8.364371e-01	4.719414e-01	9.465886e-01	9.600312e-01	6.825301e-02	6.627593e-01	6.195901e-01	7.281856e-01	2.242281e-01	
-2.720577e-01	3.024249e-01	2.463920e-01	2.450769e-01	5.445888e-01	4.682690e-01	1.421631e-01	5.505140e-01	2.641181e-03	3.315226e-02	
-5.271332e-02	4.076206e-01	6.391485e-01	-3.095092e-02	1.106056e-01	-6.634127e-02	2.086778e-02	1.352133e-01	8.461032e-02	6.652261e-01	
6.031725e-01	6.323569e-01	2.382474e-01	4.347177e-01	-9.453881e-02	5.497243e-01	7.980562e-01	5.001811e-01	5.698110e-01	8.232150e-01	
1.321443e-01	3.340260e-01	4.577246e-01	1.072677e-01	1.664848e-01	4.616297e-02	2.986019e-01	6.752354e-03	4.715034e-01	1.528841e-01	
1.675260e-01	1.728062e-01	6.589622e-01	7.230765e-04	6.654360e-01	5.017014e-01	3.229353e-01	7.723404e-01	9.842198e-01	8.798766e-01	
-1.316841e-02	1.652851e-01	-9.909808e-02	3.496635e-01	-4.349239e-02	1.580659e-01	1.432264e-01	8.599825e-02	1.839591e-01	3.148606e-01	
7.162174e-01	5.856401e-01	1.076623e+00	1.080596e+00	2.200439e-01	2.075892e-01	9.662522e-01	7.662732e-01	8.111431e-01	6.109611e-01	
9.276574e-02	2.121692e-01	2.177454e-01	-3.550869e-01	7.165257e-02	8.058436e-01	-1.464424e-01	6.826653e-01	-4.453942e-01	-5.344174e-01	
4.478695e-01	2.615678e-01	2.608152e-01	4.033755e-01	4.131849e-01	-3.117237e-02	9.631560e-01	4.579916e-01	2.566342e-01	5.661173e-01	
6.297608e-02	1.235009e+00	-2.208392e-01	2.044300e-01	-3.484139e-01	-6.725272e-01	1.125016e-01	4.913158e-01	6.358858e-01	-2.432420e-01	
1.176984e-01	6.977367e-01	2.922042e-01	2.358702e-01	5.441461e-01	4.474435e-02	6.907612e-01	6.985233e-02	-1.244189e-01	4.547071e-01	
7.921318e-02	1.273598e-01	1.071130e-01	8.843211e-02	9.458664e-02	1.487313e-01	1.013727e-01	3.822151e-02	1.597462e-01	4.795913e-02	
3.579223e-01	3.155327e-01	9.829390e-01	8.511556e-01	6.361844e-01	7.059974e-01	5.796439e-01	2.465929e-01	1.121444e-01	5.883155e-01	
4.956298e-01	5.383808e-01	2.396482e-01	1.214606e-02	2.496362e-01	2.804286e-01	3.621932e-01	3.634296e-01	1.186923e-01	4.360184e-01	
1.051334e+00	7.979207e-01	1.046480e-01	8.461954e-01	7.679867e-01	8.367199e-01	5.246410e-02	3.152854e-01	6.924873e-01	2.071233e-01	
4.483841e-01	1.648849e-01	3.193404e-01	2.809790e-01	3.872222e-01	1.703215e-01	2.831887e-01	4.465202e-01	3.614907e-01	2.830153e-01	
2.537368e-01	-8.229111e-02	3.140827e-01	-1.740166e-01	1.062381e-01	3.329151e-01	4.891369e-01	3.890250e-01	1.290450e+00	6.912324e-02	
1.230025e-01	-5.567125e-02	3.648638e-01	1.185494e+00	-1.123905e-01	7.691379e-01	-2.454473e-01	4.380443e-01	7.982562e-02	6.787746e-01	
-1.057959e-01	1.025784e+00	6.758825e-01	5.330259e-01	6.147999e-01	5.755460e-01	8.752744e-02	8.194263e-01	1.041645e-01	4.690189e-01	
9.349999e-02	-3.516386e-01	2.031322e-01	-6.981056e-02	1.144680e-01	8.097773e-01	6.895481e-01	-2.680306e-01	1.661158e+00	9.517748e-01	
3.870480e-01	6.498948e-01	1.098461e+00	1.677579e-01	1.510742e-01	4.106577e-01	2.661194e-01	9.277291e-01	1.162103e+00	3.777791e-01	
1.189329e-01	1.492339e-01	6.444313e-01	7.197876e-01	6.567503e-01	8.966225e-01	4.067591e-01	6.887277e-01	4.149821e-01	7.746052e-01	
-1.007961e+00	1.536632e+00	3.126157e-01	6.452128e-01	6.250831e-01	-9.288001e-02	4.269738e-02	3.150622e+00	2.080875e+00	-8.386036e-01	
4.873336e-01	5.388509e-01	2.706768e-01	5.173842e-01	9.886908e-02	9.091962e-01	6.425274e-01	6.037921e-01	4.189292e-01	1.581894e-01	
2.334705e+00	3.130775e-01	3.183347e-01	1.029662e+00	2.868934e-01	5.116747e-01	-1.972466e-01	4.747545e-01	1.006047e+00	-1.268613e-01	
4.006185e-01	4.145961e-01	6.111509e-01	-2.482491e-02	-3.206851e-01	6.986353e-01	-5.165777e-02	1.110187e+00	1.518547e-01	-8.070570e-03	
-7.073271e-02	5.138167e-02	1.140451e+00	6.061876e-01	4.407860e-01	4.422533e-01	3.923061e-01	4.070373e-01	2.469636e-01	7.701213e-01	
1.308749e-01	2.057251e-01	1.097042e-01	3.685662e-01	7.450967e-02	1.566744e-01	-1.698273e-01	-7.868173e-02	2.904212e-01	1.403605e-01	
6.255751e-01	3.003829e-01	2.852962e-01	6.034882e-01	5.996121e-01	2.765080e-01	4.354680e-01	9.186744e-01	4.579830e-01	-2.718563e-01	
3.467951e-01	3.664842e-01	7.732790e-01	9.193431e-01	-1.856020e-01	9.113466e-01	2.812540e-01	2.854227e-02	6.386300e-01	4.061112e-01	
1.414997e+00	1.997006e+00	8.405621e-02	8.179605e-01	1.020564e-01	-1.627348e-01	1.210570e+00	8.099695e-01	6.878738e-03	-8.027074e-02	
2.988990e-01	3.509925e-04	1.701018e-01	-1.610377e-01	3.468261e-01	-1.983090e-01	5.370772e-01	3.785716e-01	1.657803e-01	-2.774433e-01	
-3.839467e-02	5.218437e-01	3.057030e-02	3.643704e-01	-1.518547e-01	9.789647e-01	4.622328e-01	6.685854e-01	-1.412606e-01	4.763930e-01	
6.532593e-01	2.744871e-01	4.916175e-02	1.971722e-01	2.382155e-01	7.417449e-01	-1.318284e-01	-9.697316e-02	7.545446e-01	3.252520e-01	
8.116574e-01	7.091964e-01	1.009442e+00	1.066301e+00	4.695025e-01	8.950649e-01	7.178020e-01	-1.730785e-02	6.138613e-01	1.419869e-01	
5.103055e-02	2.682477e-02	1.263613e-01	4.698821e-01	1.516704e-01	3.041792e-01	1.238719e-01	-2.632047e-01	-4.180189e-02	3.724515e-01	
2.800738e-02	3.062348e-01	7.774270e-01	1.702658e-01	3.478526e-01	3.195181e-01	6.037471e-01	2.830829e-01	5.862408e-01	2.446065e-01	
-2.271331e-01	-2.383162e-02	4.550357e-01	2.167189e-01	3.082580e-01	4.780524e-01	6.719252e-01	1.514735e-01	3.877460e-01	6.815982e-02	
3.613718e-01	2.869058e-02	9.965840e-01	7.476992e-01	6.427180e-01	8.827921e-01	1.006383e+00	5.645608e-02	2.843561e-01	2.142337e-01	
9.493319e-01	6.096716e-02	2.730888e-01	1.621915e-01	-9.587984e-02	7.743916e-01	1.552187e-01	1.047237e-01	4.284691e-01	1.355318e-01	
5.171258e-01	1.164484e+00	3.103482e-01	4.503864e-01	3.566832e-01	-3.712577e-01	1.253188e+00	9.695265e-01	7.024800e-01	-1.236558e-01	
-2.059058e-02	6.139153e-02	1.470779e-01	-6.641566e-03	-1.568422e-02	-1.523787e-02	6.452132e-02	-9.285042e-02	4.352884e-02	1.462685e-02	
-1.297622e-01	5.808220e-01	5.756123e-01	4.078697e-01	1.891904e-01	6.523711e-01	5.581174e-01	9.102042e-01	3.791740e-01	3.084577e-01	
1.577054e-01	5.494814e-01	2.846129e-01	4.609846e-01	2.367911e-01	3.938757e-02	-1.846797e-03	8.088786e-01	5.657970e-01	-5.463925e-01	
1.843278e-01	4.115407e-01	9.598033e-02	1.142244e-01	6.327093e-01	1.061938e+00	-4.440197e-02	3.053760e-01	9.468037e-01	9.706693e-01	
1.943725e-01	3.222605e-01	2.179727e-02	2.351806e-01	2.196925e-01	3.343227e-01	-3.846783e-01	-2.467074e-01	6.309116e-02	4.510875e-01	
5.312160e-01	7.822493e-01	4.954075e-01	7.764895e-01	2.555407e-01	3.996837e-01	2.262157e-01	5.360850e-01	6.077285e-01	7.734797e-01	
-1.251543e-01	-2.644109e-01	6.359278e-01	6.350656e-01	-2.684413e-01	1.035037e+00	5.052312e-01	4.209673e-01	2.794557e-01	3.140582e-01	
1.139035e-01	7.286078e-01	1.020120e+00	-4.365738e-02	3.467961e-01	5.931029e-01	-1.665405e-01	6.601639e-01	6.987553e-01	1.155178e+00	
3.287044e-01	-1.641742e-01	3.208143e-01	4.176196e-01	5.290321e-01	-2.288093e-01	4.655742e-01	4.062171e-01	-2.942817e-01	6.644373e-01	
1.721684e-01	-2.912023e-01	4.481179e-01	8.437571e-01	1.573253e-01	4.909811e-01	-1.110416e-01	-9.474371e-01	3.304959e-01	1.226482e+00	
-5.665622e-02	4.781210e-01	4.972580e-01	-6.067645e-02	-4.481848e-01	2.153444e-01	-9.551182e-02	-1.826535e-01	2.403195e-01	9.761246e-02	
-1.207727e-01	-3.174500e-02	2.964523e-01	2.385879e-01	-9.558417e-02	-1.822861e-05	7.998362e-02	-2.885081e-01	3.117419e-01	-2.118093e-01	
1.440403e-01	8.106376e-01	3.153315e-01	5.604360e-01	-3.436911e-01	7.796379e-01	9.869236e-02	-3.625364e-01	5.516290e-01	-3.516626e-01	
3.135021e-01	9.843995e-03	9.335379e-01	1.346086e-01	4.435417e-01	8.170166e-01	3.413202e-01	1.919658e-01	8.865421e-01	1.149360e-01	
2.953322e-01	8.027556e-01	6.795767e-02	-1.593835e-01	-2.024603e-01	9.179876e-02	-3.318990e-01	2.832058e-01	-2.341860e-01	3.628681e-01	
5.972714e-01	9.095832e-01	7.478036e-01	4.856269e-01	1.105141e-01	5.816068e-01	3.075001e-01	3.560217e-02	7.025307e-01	1.088925e+00	
4.815705e-02	5.524606e-01	7.931715e-02	2.780007e-01	-2.242045e-01	3.917435e-01	1.306097e-01	3.795988e-01	2.077520e-01	1.357036e-01	
1.291770e+00	-1.156202e+00	9.882780e-01	5.966509e-01	-1.170875e-01	1.166419e+00	1.080916e+00	7.674594e-01	-3.399584e-01	4.271460e-01	
-2.009045e-02	1.048851e-01	-1.053012e-02	7.844089e-02	1.159160e-01	9.055293e-02	-1.949664e-01	6.163022e-02	1.114843e-01	4.558932e-02	
5.092145e-01	8.943479e-01	8.039040e-01	3.479324e-01	4.898515e-01	1.615530e-01	1.123122e+00	3.737963e-01	5.583288e-01	4.352399e-01	
-7.017877e-02	2.735746e-01	6.151623e-01	3.067383e-01	4.043009e-01	8.161918e-02	3.101592e-01	2.654100e-01	3.859147e-01	2.029111e-01	
6.632950e-01	7.774518e-01	6.296596e-01	4.647762e-01	1.626448e-01	1.920294e-01	-5.661210e-01	3.138569e-01	1.230107e+00	7.511319e-01	
1.755497e-01	3.527557e-02	8.349187e-02	-1.181177e-01	7.760790e-02	1.542136e-01	1.535841e-01	1.542265e-02	-7.318345e-02	1.002597e-02	
8.907684e-01	1.068036e+00	-1.392591e-01	6.218237e-02	-1.192553e-01	1.663859e-01	6.167398e-01	7.802560e-01	2.484182e-01	5.225459e-01	
8.847392e-02	9.357516e-02	1.768022e-02	3.441879e-01	1.507159e-01	4.191752e-01	3.158478e-01	3.372424e-02	2.362093e-02	-3.469308e-01	
8.155957e-01	8.159042e-01	2.142193e-01	2.596424e-01	2.468774e-01	4.274991e-01	7.162454e-01	5.533881e-01	9.265788e-01	1.163628e+00	
-7.248129e-04	8.871978e-03	-5.516769e-01	1.951225e-01	9.440185e-02	3.947948e-01	3.180974e-01	4.468564e-02	-5.150080e-01	5.388932e-02	
-1.278624e-02	4.270197e-01	1.962764e-01	-2.039555e-01	1.143138e+00	9.066625e-01	1.217635e+00	8.271682e-01	8.732747e-01	7.473308e-02	
7.137670e-01	-3.601420e-02	1.062334e+00	4.167670e-01	7.325555e-01	1.107030e+00	4.259079e-01	3.733715e-01	-1.990199e-01	8.320718e-02	
7.358265e-01	7.661701e-01	9.277934e-01	1.290000e+00	3.783918e-01	3.127544e-01	9.648244e-01	3.011685e-01	1.030445e-01	3.106529e-01	
1.024572e+00	2.506250e-01	1.158977e+00	7.024494e-01	-2.851305e-01	7.111357e-01	7.009743e-01	2.264460e-02	1.847548e-01	4.454520e-01	
-4.805160e-02	1.076744e-01	-1.064634e-01	4.910601e-01	-1.638547e-02	6.829947e-01	1.190045e-02	5.283724e-02	-2.617212e-02	1.494522e+00	
1.443291e-01	3.048108e-01	5.384690e-01	-3.190061e-01	-7.043157e-02	3.335444e-02	-3.859370e-01	5.236835e-01	2.962478e-01	4.049797e-01	
9.659110e-01	4.564620e-01	1.687943e-01	6.482632e-01	7.198612e-01	1.058744e+00	9.158105e-01	4.204222e-01	9.257680e-02	1.103799e+00	
2.375951e-01	2.735037e-01	2.758229e-01	-2.749506e-01	3.285238e-01	-4.276374e-01	5.383042e-02	-1.492379e-01	2.067957e-01	5.788042e-01	
3.947362e-01	4.818405e-01	8.130446e-01	-5.752217e-02	-1.774735e-01	5.186800e-02	-2.112037e-02	1.728139e-02	5.710815e-01	-4.840849e-01	
3.654597e-01	2.830170e-01	-2.038649e-01	-3.340979e-01	1.440251e-02	1.622360e-01	1.542499e-01	-1.450557e-02	-5.389047e-02	-1.601759e-01	
7.267010e-01	7.669561e-01	1.018784e+00	5.330638e-01	1.965673e-01	1.265773e-01	7.744581e-01	9.853452e-01	8.518982e-01	4.090928e-01	
1.595928e-01	4.959856e-01	4.801845e-02	3.860027e-01	1.027507e-01	4.444754e-01	3.038157e-01	3.734807e-01	6.094441e-02	6.253473e-01	
-3.386616e-01	-9.218306e-03	8.403887e-01	6.749093e-01	-7.692629e-01	2.675031e-01	6.340265e-01	3.456388e-01	1.346729e-01	2.746528e-01	
4.827819e-01	7.960521e-01	5.375288e-01	5.177473e-01	5.515159e-01	3.819474e-01	2.574406e-01	-6.618750e-02	9.208857e-01	-3.557117e-01	
-3.458035e-01	9.148845e-01	1.828977e-01	-1.225480e-02	3.611492e-02	2.585663e-01	8.806760e-01	3.663825e-01	5.656541e-01	-5.034517e-01	
-4.242738e-01	2.747569e-01	3.360021e-01	4.873720e-01	-6.184444e-01	5.265523e-01	7.331320e-01	3.987199e-02	-1.441091e-01	1.208824e-01	
3.586586e-01	1.085599e+00	3.903681e-01	9.969282e-01	3.243979e-01	9.605389e-01	6.564317e-01	-6.735100e-02	3.545755e-01	7.023986e-01	
-5.903016e-02	6.586943e-01	-2.242539e-01	6.528507e-01	-2.225306e-01	1.263127e+00	5.302502e-01	7.227381e-01	-2.980489e-02	2.383182e-01	
-4.305418e-01	8.909627e-03	1.616514e+00	8.735108e-01	7.872947e-01	1.774425e+00	3.307253e-01	1.943001e-01	-6.126592e-01	7.327735e-01	
-1.832258e-02	6.125510e-03	-3.033289e-01	9.903656e-01	4.164945e-01	4.635713e-01	-4.234758e-01	2.173000e-01	7.731114e-01	-1.002072e-02	
2.461890e-01	1.163231e-01	1.294092e-01	1.477554e-01	3.041987e-01	2.504820e-01	-1.297216e-01	1.063025e-01	-7.459013e-02	4.411960e-02	
4.598571e-01	4.351819e-02	6.135722e-02	2.539330e-01	6.336288e-02	6.219656e-01	3.336607e-01	4.122975e-01	2.629167e-01	1.359798e-01	
3.186297e-01	5.289274e-01	9.473442e-01	1.692030e+00	4.853294e-01	-3.741173e-01	9.229609e-01	3.058356e-01	1.843115e-01	1.745971e-01	
1.369022e-02	1.364531e-02	2.998105e-02	-1.194626e-02	-1.842175e-02	3.045512e-03	-3.894250e-03	-3.812078e-03	1.239356e-02	1.758348e-02	
-5.263428e-01	1.824504e-01	1.651822e-01	4.566668e-01	-3.239619e-01	-1.109545e-02	-3.571062e-01	3.008525e-02	4.995487e-01	6.210219e-01	
7.457824e-03	7.586994e-02	4.732335e-01	1.049983e-01	1.292633e-01	5.955856e-02	3.118181e-01	4.307328e-03	2.737209e-01	3.323026e-01	
